ITERATION NUMBER :1
0.000.000.000.000.000.000.000.000.000.000.000.000.000.000.000.000.000.000.000.000.000.000.000.000.000.000.000.000.000.000.000.00
0.000.000.000.000.000.000.000.000.000.000.000.000.000.000.000.000.000.000.000.000.000.000.000.000.000.000.000.000.000.000.000.00
0.000.000.000.000.000.000.000.000.000.000.000.000.000.000.000.000.000.000.000.000.000.000.000.000.000.000.000.000.000.000.000.00
0.000.000.000.000.000.000.000.000.000.000.000.000.000.000.000.000.000.000.000.000.000.000.000.000.000.000.000.000.000.000.000.00
0.000.000.000.000.000.000.000.000.000.000.000.000.000.000.000.000.000.000.000.000.000.000.000.000.000.000.000.000.000.000.000.00
0.000.000.000.000.000.000.000.000.000.000.000.000.000.000.000.000.000.000.000.000.000.000.000.000.000.000.000.000.000.000.000.00
0.000.000.000.000.000.000.00-2.50-2.50-2.500.000.000.000.000.000.000.000.000.000.000.000.002.502.502.500.000.000.000.000.000.000.00
0.000.000.000.000.000.00-2.50-10.00-10.00-10.00-2.500.000.000.000.000.000.000.000.000.000.002.5010.0010.0010.002.500.000.000.000.000.000.00
0.000.000.000.000.000.00-2.50-10.00-10.00-10.00-2.500.000.000.000.000.000.000.000.000.000.002.5010.0010.0010.002.500.000.000.000.000.000.00
0.000.000.000.000.000.00-2.50-10.00-10.00-10.00-2.500.000.000.000.000.000.000.000.000.000.002.5010.0010.0010.002.500.000.000.000.000.000.00
0.000.000.000.000.000.000.00-2.50-2.50-2.500.000.000.000.000.000.000.000.000.000.000.000.002.502.502.500.000.000.000.000.000.000.00
0.000.000.000.000.000.000.000.000.000.000.000.000.000.000.000.000.000.000.000.000.000.000.000.000.000.000.000.000.000.000.000.00
0.000.000.000.000.000.000.000.000.000.000.000.000.000.000.000.000.000.000.000.000.000.000.000.000.000.000.000.000.000.000.000.00
0.000.000.000.000.000.000.000.000.000.000.000.000.000.000.000.000.000.000.000.000.000.000.000.000.000.000.000.000.000.000.000.00
0.000.000.000.000.000.000.000.000.000.000.000.000.000.000.000.000.000.000.000.000.000.000.000.000.000.000.000.000.000.000.000.00
0.000.000.000.000.000.000.000.000.000.000.000.000.000.000.000.000.000.000.000.000.000.000.000.000.000.000.000.000.000.000.000.00
0.000.000.000.000.000.000.000.000.000.000.000.000.000.000.000.000.000.000.000.000.000.000.000.000.000.000.000.000.000.000.000.00

ITERATION NUMBER :2
0.000.000.000.000.000.000.000.000.000.000.000.000.000.000.000.000.000.000.000.000.000.000.000.000.000.000.000.000.000.000.000.00
0.000.000.000.000.000.000.000.000.000.000.000.000.000.000.000.000.000.000.000.000.000.000.000.000.000.000.000.000.000.000.000.00
0.000.000.000.000.000.000.000.000.000.000.000.000.000.000.000.000.000.000.000.000.000.000.000.000.000.000.000.000.000.000.000.00
0.000.000.000.000.000.000.000.000.000.000.000.000.000.000.000.000.000.000.000.000.000.000.000.000.000.000.000.000.000.000.000.00
0.000.000.000.000.000.000.000.000.000.000.000.000.000.000.000.000.000.000.000.000.000.000.000.000.000.000.000.000.000.000.000.00
0.000.000.000.000.000.000.00-0.63-0.63-0.630.000.000.000.000.000.000.000.000.000.000.000.000.630.630.630.000.000.000.000.000.000.00
0.000.000.000.000.000.00-1.25-3.13-3.75-3.13-1.250.000.000.000.000.000.000.000.000.000.001.253.133.753.131.250.000.000.000.000.000.00
0.000.000.000.000.00-0.63-3.13-10.00-10.00-10.00-3.13-0.630.000.000.000.000.000.000.000.000.633.1310.0010.0010.003.130.630.000.000.000.000.00
0.000.000.000.000.00-0.63-3.75-10.00-10.00-10.00-3.75-0.630.000.000.000.000.000.000.000.000.633.7510.0010.0010.003.750.630.000.000.000.000.00
0.000.000.000.000.00-0.63-3.13-10.00-10.00-10.00-3.13-0.630.000.000.000.000.000.000.000.000.633.1310.0010.0010.003.130.630.000.000.000.000.00
0.000.000.000.000.000.00-1.25-3.13-3.75-3.13-1.250.000.000.000.000.000.000.000.000.000.001.253.133.753.131.250.000.000.000.000.000.00
0.000.000.000.000.000.000.00-0.63-0.63-0.630.000.000.000.000.000.000.000.000.000.000.000.000.630.630.630.000.000.000.000.000.000.00
0.000.000.000.000.000.000.000.000.000.000.000.000.000.000.000.000.000.000.000.000.000.000.000.000.000.000.000.000.000.000.000.00
0.000.000.000.000.000.000.000.000.000.000.000.000.000.000.000.000.000.000.000.000.000.000.000.000.000.000.000.000.000.000.000.00
0.000.000.000.000.000.000.000.000.000.000.000.000.000.000.000.000.000.000.000.000.000.000.000.000.000.000.000.000.000.000.000.00
0.000.000.000.000.000.000.000.000.000.000.000.000.000.000.000.000.000.000.000.000.000.000.000.000.000.000.000.000.000.000.000.00
0.000.000.000.000.000.000.000.000.000.000.000.000.000.000.000.000.000.000.000.000.000.000.000.000.000.000.000.000.000.000.000.00

ITERATION NUMBER :3
0.000.000.000.000.000.000.000.000.000.000.000.000.000.000.000.000.000.000.000.000.000.000.000.000.000.000.000.000.000.000.000.00
0.000.000.000.000.000.000.000.000.000.000.000.000.000.000.000.000.000.000.000.000.000.000.000.000.000.000.000.000.000.000.000.00
0.000.000.000.000.000.000.000.000.000.000.000.000.000.000.000.000.000.000.000.000.000.000.000.000.000.000.000.000.000.000.000.00
0.000.000.000.000.000.000.000.000.000.000.000.000.000.000.000.000.000.000.000.000.000.000.000.000.000.000.000.000.000.000.000.00
0.000.000.000.000.000.000.00-0.16-0.16-0.160.000.000.000.000.000.000.000.000.000.000.000.000.160.160.160.000.000.000.000.000.000.00
0.000.000.000.000.000.00-0.47-0.94-1.25-0.94-0.470.000.000.000.000.000.000.000.000.000.000.470.941.250.940.470.000.000.000.000.000.00
0.000.000.000.000.00-0.47-1.56-3.91-4.22-3.91-1.56-0.470.000.000.000.000.000.000.000.000.471.563.914.223.911.560.470.000.000.000.000.00
0.000.000.000.00-0.16-0.94-3.91-10.00-10.00-10.00-3.91-0.94-0.160.000.000.000.000.000.000.160.943.9110.0010.0010.003.910.940.160.000.000.000.00
0.000.000.000.00-0.16-1.25-4.22-10.00-10.00-10.00-4.22-1.25-0.160.000.000.000.000.000.000.161.254.2210.0010.0010.004.221.250.160.000.000.000.00
0.000.000.000.00-0.16-0.94-3.91-10.00-10.00-10.00-3.91-0.94-0.160.000.000.000.000.000.000.160.943.9110.0010.0010.003.910.940.160.000.000.000.00
0.000.000.000.000.00-0.47-1.56-3.91-4.22-3.91-1.56-0.470.000.000.000.000.000.000.000.000.471.563.914.223.911.560.470.000.000.000.000.00
0.000.000.000.000.000.00-0.47-0.94-1.25-0.94-0.470.000.000.000.000.000.000.000.000.000.000.470.941.250.940.470.000.000.000.000.000.00
0.000.000.000.000.000.000.00-0.16-0.16-0.160.000.000.000.000.000.000.000.000.000.000.000.000.160.160.160.000.000.000.000.000.000.00
0.000.000.000.000.000.000.000.000.000.000.000.000.000.000.000.000.000.000.000.000.000.000.000.000.000.000.000.000.000.000.000.00
0.000.000.000.000.000.000.000.000.000.000.000.000.000.000.000.000.000.000.000.000.000.000.000.000.000.000.000.000.000.000.000.00
0.000.000.000.000.000.000.000.000.000.000.000.000.000.000.000.000.000.000.000.000.000.000.000.000.000.000.000.000.000.000.000.00
0.000.000.000.000.000.000.000.000.000.000.000.000.000.000.000.000.000.000.000.000.000.000.000.000.000.000.000.000.000.000.000.00

ITERATION NUMBER :4
0.000.000.000.000.000.000.000.000.000.000.000.000.000.000.000.000.000.000.000.000.000.000.000.000.000.000.000.000.000.000.000.00
0.000.000.000.000.000.000.000.000.000.000.000.000.000.000.000.000.000.000.000.000.000.000.000.000.000.000.000.000.000.000.000.00
0.000.000.000.000.000.000.000.000.000.000.000.000.000.000.000.000.000.000.000.000.000.000.000.000.000.000.000.000.000.000.000.00
0.000.000.000.000.000.000.00-0.04-0.04-0.040.000.000.000.000.000.000.000.000.000.000.000.000.040.040.040.000.000.000.000.000.000.00
0.000.000.000.000.000.00-0.16-0.27-0.39-0.27-0.160.000.000.000.000.000.000.000.000.000.000.160.270.390.270.160.000.000.000.000.000.00
0.000.000.000.000.00-0.23-0.63-1.45-1.56-1.45-0.63-0.230.000.000.000.000.000.000.000.000.230.631.451.561.450.630.230.000.000.000.000.00
0.000.000.000.00-0.16-0.63-2.19-4.18-4.77-4.18-2.19-0.63-0.160.000.000.000.000.000.000.160.632.194.184.774.182.190.630.160.000.000.000.00
0.000.000.00-0.04-0.27-1.45-4.18-10.00-10.00-10.00-4.18-1.45-0.27-0.040.000.000.000.000.040.271.454.1810.0010.0010.004.181.450.270.040.000.000.00
0.000.000.00-0.04-0.39-1.56-4.77-10.00-10.00-10.00-4.77-1.56-0.39-0.040.000.000.000.000.040.391.564.7710.0010.0010.004.771.560.390.040.000.000.00
0.000.000.00-0.04-0.27-1.45-4.18-10.00-10.00-10.00-4.18-1.45-0.27-0.040.000.000.000.000.040.271.454.1810.0010.0010.004.181.450.270.040.000.000.00
0.000.000.000.00-0.16-0.63-2.19-4.18-4.77-4.18-2.19-0.63-0.160.000.000.000.000.000.000.160.632.194.184.774.182.190.630.160.000.000.000.00
0.000.000.000.000.00-0.23-0.63-1.45-1.56-1.45-0.63-0.230.000.000.000.000.000.000.000.000.230.631.451.561.450.630.230.000.000.000.000.00
0.000.000.000.000.000.00-0.16-0.27-0.39-0.27-0.160.000.000.000.000.000.000.000.000.000.000.160.270.390.270.160.000.000.000.000.000.00
0.000.000.000.000.000.000.00-0.04-0.04-0.040.000.000.000.000.000.000.000.000.000.000.000.000.040.040.040.000.000.000.000.000.000.00
0.000.000.000.000.000.000.000.000.000.000.000.000.000.000.000.000.000.000.000.000.000.000.000.000.000.000.000.000.000.000.000.00
0.000.000.000.000.000.000.000.000.000.000.000.000.000.000.000.000.000.000.000.000.000.000.000.000.000.000.000.000.000.000.000.00
0.000.000.000.000.000.000.000.000.000.000.000.000.000.000.000.000.000.000.000.000.000.000.000.000.000.000.000.000.000.000.000.00

ITERATION NUMBER :5
0.000.000.000.000.000.000.000.000.000.000.000.000.000.000.000.000.000.000.000.000.000.000.000.000.000.000.000.000.000.000.000.00
0.000.000.000.000.000.000.000.000.000.000.000.000.000.000.000.000.000.000.000.000.000.000.000.000.000.000.000.000.000.000.000.00
0.000.000.000.000.000.000.00-0.01-0.01-0.010.000.000.000.000.000.000.000.000.000.000.000.000.010.010.010.000.000.000.000.000.000.00
0.000.000.000.000.000.00-0.05-0.08-0.12-0.08-0.050.000.000.000.000.000.000.000.000.000.000.050.080.120.080.050.000.000.000.000.000.00
0.000.000.000.000.00-0.10-0.22-0.51-0.54-0.51-0.22-0.100.000.000.000.000.000.000.000.000.100.220.510.540.510.220.100.000.000.000.000.00
0.000.000.000.00-0.10-0.31-1.01-1.66-2.01-1.66-1.01-0.31-0.100.000.000.000.000.000.000.100.311.011.662.011.661.010.310.100.000.000.000.00
0.000.000.00-0.05-0.22-1.01-2.40-4.60-4.98-4.60-2.40-1.01-0.22-0.050.000.000.000.000.050.221.012.404.604.984.602.401.010.220.050.000.000.00
0.000.00-0.01-0.08-0.51-1.66-4.60-10.00-10.00-10.00-4.60-1.66-0.51-0.08-0.010.000.000.010.080.511.664.6010.0010.0010.004.601.660.510.080.010.000.00
0.000.00-0.01-0.12-0.54-2.01-4.98-10.00-10.00-10.00-4.98-2.01-0.54-0.12-0.010.000.000.010.120.542.014.9810.0010.0010.004.982.010.540.120.010.000.00
0.000.00-0.01-0.08-0.51-1.66-4.60-10.00-10.00-10.00-4.60-1.66-0.51-0.08-0.010.000.000.010.080.511.664.6010.0010.0010.004.601.660.510.080.010.000.00
0.000.000.00-0.05-0.22-1.01-2.40-4.60-4.98-4.60-2.40-1.01-0.22-0.050.000.000.000.000.050.221.012.404.604.984.602.401.010.220.050.000.000.00
0.000.000.000.00-0.10-0.31-1.01-1.66-2.01-1.66-1.01-0.31-0.100.000.000.000.000.000.000.100.311.011.662.011.661.010.310.100.000.000.000.00
0.000.000.000.000.00-0.10-0.22-0.51-0.54-0.51-0.22-0.100.000.000.000.000.000.000.000.000.100.220.510.540.510.220.100.000.000.000.000.00
0.000.000.000.000.000.00-0.05-0.08-0.12-0.08-0.050.000.000.000.000.000.000.000.000.000.000.050.080.120.080.050.000.000.000.000.000.00
0.000.000.000.000.000.000.00-0.01-0.01-0.010.000.000.000.000.000.000.000.000.000.000.000.000.010.010.010.000.000.000.000.000.000.00
0.000.000.000.000.000.000.000.000.000.000.000.000.000.000.000.000.000.000.000.000.000.000.000.000.000.000.000.000.000.000.000.00
0.000.000.000.000.000.000.000.000.000.000.000.000.000.000.000.000.000.000.000.000.000.000.000.000.000.000.000.000.000.000.000.00

ITERATION NUMBER :6
0.000.000.000.000.000.000.000.000.000.000.000.000.000.000.000.000.000.000.000.000.000.000.000.000.000.000.000.000.000.000.000.00
0.000.000.000.000.000.000.00-0.00-0.00-0.000.000.000.000.000.000.000.000.000.000.000.000.000.000.000.000.000.000.000.000.000.000.00
0.000.000.000.000.000.00-0.01-0.02-0.03-0.02-0.010.000.000.000.000.000.000.000.000.000.000.010.020.030.020.010.000.000.000.000.000.00
0.000.000.000.000.00-0.04-0.08-0.17-0.18-0.17-0.08-0.040.000.000.000.000.000.000.000.000.040.080.170.180.170.080.040.000.000.000.000.00
0.000.000.000.00-0.05-0.13-0.42-0.63-0.79-0.63-0.42-0.13-0.050.000.000.000.000.000.000.050.130.420.630.790.630.420.130.050.000.000.000.00
0.000.000.00-0.04-0.13-0.55-1.15-2.03-2.21-2.03-1.15-0.55-0.13-0.040.000.000.000.000.040.130.551.152.032.212.031.150.550.130.040.000.000.00
0.000.00-0.01-0.08-0.42-1.15-2.80-4.76-5.30-4.76-2.80-1.15-0.42-0.08-0.010.000.000.010.080.421.152.804.765.304.762.801.150.420.080.010.000.00
0.00-0.00-0.02-0.17-0.63-2.03-4.76-10.00-10.00-10.00-4.76-2.03-0.63-0.17-0.02-0.000.000.020.170.632.034.7610.0010.0010.004.762.030.630.170.020.000.00
0.00-0.00-0.03-0.18-0.79-2.21-5.30-10.00-10.00-10.00-5.30-2.21-0.79-0.18-0.03-0.000.000.030.180.792.215.3010.0010.0010.005.302.210.790.180.030.000.00
0.00-0.00-0.02-0.17-0.63-2.03-4.76-10.00-10.00-10.00-4.76-2.03-0.63-0.17-0.02-0.000.000.020.170.632.034.7610.0010.0010.004.762.030.630.170.020.000.00
0.000.00-0.01-0.08-0.42-1.15-2.80-4.76-5.30-4.76-2.80-1.15-0.42-0.08-0.010.000.000.010.080.421.152.804.765.304.762.801.150.420.080.010.000.00
0.000.000.00-0.04-0.13-0.55-1.15-2.03-2.21-2.03-1.15-0.55-0.13-0.040.000.000.000.000.040.130.551.152.032.212.031.150.550.130.040.000.000.00
0.000.000.000.00-0.05-0.13-0.42-0.63-0.79-0.63-0.42-0.13-0.050.000.000.000.000.000.000.050.130.420.630.790.630.420.130.050.000.000.000.00
0.000.000.000.000.00-0.04-0.08-0.17-0.18-0.17-0.08-0.040.000.000.000.000.000.000.000.000.040.080.170.180.170.080.040.000.000.000.000.00
0.000.000.000.000.000.00-0.01-0.02-0.03-0.02-0.010.000.000.000.000.000.000.000.000.000.000.010.020.030.020.010.000.000.000.000.000.00
0.000.000.000.000.000.000.00-0.00-0.00-0.000.000.000.000.000.000.000.000.000.000.000.000.000.000.000.000.000.000.000.000.000.000.00
0.000.000.000.000.000.000.000.000.000.000.000.000.000.000.000.000.000.000.000.000.000.000.000.000.000.000.000.000.000.000.000.00

ITERATION NUMBER :7
0.000.000.000.000.000.000.000.000.000.000.000.000.000.000.000.000.000.000.000.000.000.000.000.000.000.000.000.000.000.000.000.00
0.000.000.000.000.000.00-0.00-0.01-0.01-0.01-0.000.000.000.000.000.000.000.000.000.000.000.000.010.010.010.000.000.000.000.000.000.00
0.000.000.000.000.00-0.01-0.02-0.06-0.06-0.06-0.02-0.010.000.000.000.000.000.000.000.000.010.020.060.060.060.020.010.000.000.000.000.00
0.000.000.000.00-0.02-0.05-0.16-0.22-0.29-0.22-0.16-0.05-0.020.000.000.000.000.000.000.020.050.160.220.290.220.160.050.020.000.000.000.00
0.000.000.00-0.02-0.07-0.26-0.50-0.85-0.91-0.85-0.50-0.26-0.07-0.020.000.000.000.000.020.070.260.500.850.910.850.500.260.070.020.000.000.00
0.000.00-0.01-0.05-0.26-0.64-1.45-2.19-2.54-2.19-1.45-0.64-0.26-0.05-0.010.000.000.010.050.260.641.452.192.542.191.450.640.260.050.010.000.00
0.00-0.00-0.02-0.16-0.50-1.45-2.96-5.03-5.43-5.03-2.96-1.45-0.50-0.16-0.02-0.000.000.020.160.501.452.965.035.435.032.961.450.500.160.020.000.00
0.00-0.01-0.06-0.22-0.85-2.19-5.03-10.00-10.00-10.00-5.03-2.19-0.85-0.22-0.06-0.010.010.060.220.852.195.0310.0010.0010.005.032.190.850.220.060.010.00
0.00-0.01-0.06-0.29-0.91-2.54-5.43-10.00-10.00-10.00-5.43-2.54-0.91-0.29-0.06-0.010.010.060.290.912.545.4310.0010.0010.005.432.540.910.290.060.010.00
0.00-0.01-0.06-0.22-0.85-2.19-5.03-10.00-10.00-10.00-5.03-2.19-0.85-0.22-0.06-0.010.010.060.220.852.195.0310.0010.0010.005.032.190.850.220.060.010.00
0.00-0.00-0.02-0.16-0.50-1.45-2.96-5.03-5.43-5.03-2.96-1.45-0.50-0.16-0.02-0.000.000.020.160.501.452.965.035.435.032.961.450.500.160.020.000.00
0.000.00-0.01-0.05-0.26-0.64-1.45-2.19-2.54-2.19-1.45-0.64-0.26-0.05-0.010.000.000.010.050.260.641.452.192.542.191.450.640.260.050.010.000.00
0.000.000.00-0.02-0.07-0.26-0.50-0.85-0.91-0.85-0.50-0.26-0.07-0.020.000.000.000.000.020.070.260.500.850.910.850.500.260.070.020.000.000.00
0.000.000.000.00-0.02-0.05-0.16-0.22-0.29-0.22-0.16-0.05-0.020.000.000.000.000.000.000.020.050.160.220.290.220.160.050.020.000.000.000.00
0.000.000.000.000.00-0.01-0.02-0.06-0.06-0.06-0.02-0.010.000.000.000.000.000.000.000.000.010.020.060.060.060.020.010.000.000.000.000.00
0.000.000.000.000.000.00-0.00-0.01-0.01-0.01-0.000.000.000.000.000.000.000.000.000.000.000.000.010.010.010.000.000.000.000.000.000.00
0.000.000.000.000.000.000.000.000.000.000.000.000.000.000.000.000.000.000.000.000.000.000.000.000.000.000.000.000.000.000.000.00

ITERATION NUMBER :8
0.000.000.000.000.000.000.000.000.000.000.000.000.000.000.000.000.000.000.000.000.000.000.000.000.000.000.000.000.000.000.000.00
0.000.000.000.000.00-0.00-0.01-0.02-0.02-0.02-0.01-0.000.000.000.000.000.000.000.000.000.000.010.020.020.020.010.000.000.000.000.000.00
0.000.000.000.00-0.01-0.02-0.06-0.08-0.10-0.08-0.06-0.02-0.010.000.000.000.000.000.000.010.020.060.080.100.080.060.020.010.000.000.000.00
0.000.000.00-0.01-0.03-0.11-0.20-0.34-0.35-0.34-0.20-0.11-0.03-0.010.000.000.000.000.010.030.110.200.340.350.340.200.110.030.010.000.000.00
0.000.00-0.01-0.03-0.14-0.31-0.68-0.95-1.13-0.95-0.68-0.31-0.14-0.03-0.010.000.000.010.030.140.310.680.951.130.950.680.310.140.030.010.000.00
0.00-0.00-0.02-0.11-0.31-0.86-1.57-2.47-2.68-2.47-1.57-0.86-0.31-0.11-0.02-0.000.000.020.110.310.861.572.472.682.471.570.860.310.110.020.000.00
0.00-0.01-0.06-0.20-0.68-1.57-3.24-5.14-5.65-5.14-3.24-1.57-0.68-0.20-0.06-0.010.010.060.200.681.573.245.145.655.143.241.570.680.200.060.010.00
0.00-0.02-0.08-0.34-0.95-2.47-5.14-10.00-10.00-10.00-5.14-2.47-0.95-0.34-0.08-0.020.020.080.340.952.475.1410.0010.0010.005.142.470.950.340.080.020.00
0.00-0.02-0.10-0.35-1.13-2.68-5.65-10.00-10.00-10.00-5.65-2.68-1.13-0.35-0.10-0.010.010.100.351.132.685.6510.0010.0010.005.652.681.130.350.100.020.00
0.00-0.02-0.08-0.34-0.95-2.47-5.14-10.00-10.00-10.00-5.14-2.47-0.95-0.34-0.08-0.020.020.080.340.952.475.1410.0010.0010.005.142.470.950.340.080.020.00
0.00-0.01-0.06-0.20-0.68-1.57-3.24-5.14-5.65-5.14-3.24-1.57-0.68-0.20-0.06-0.010.010.060.200.681.573.245.145.655.143.241.570.680.200.060.010.00
0.00-0.00-0.02-0.11-0.31-0.86-1.57-2.47-2.68-2.47-1.57-0.86-0.31-0.11-0.02-0.000.000.020.110.310.861.572.472.682.471.570.860.310.110.020.000.00
0.000.00-0.01-0.03-0.14-0.31-0.68-0.95-1.13-0.95-0.68-0.31-0.14-0.03-0.010.000.000.010.030.140.310.680.951.130.950.680.310.140.030.010.000.00
0.000.000.00-0.01-0.03-0.11-0.20-0.34-0.35-0.34-0.20-0.11-0.03-0.010.000.000.000.000.010.030.110.200.340.350.340.200.110.030.010.000.000.00
0.000.000.000.00-0.01-0.02-0.06-0.08-0.10-0.08-0.06-0.02-0.010.000.000.000.000.000.000.010.020.060.080.100.080.060.020.010.000.000.000.00
0.000.000.000.000.00-0.00-0.01-0.02-0.02-0.02-0.01-0.000.000.000.000.000.000.000.000.000.000.010.020.020.020.010.000.000.000.000.000.00
0.000.000.000.000.000.000.000.000.000.000.000.000.000.000.000.000.000.000.000.000.000.000.000.000.000.000.000.000.000.000.000.00

ITERATION NUMBER :9
0.000.000.000.000.000.000.000.000.000.000.000.000.000.000.000.000.000.000.000.000.000.000.000.000.000.000.000.000.000.000.000.00
0.000.000.000.00-0.00-0.01-0.02-0.03-0.03-0.03-0.02-0.01-0.000.000.000.000.000.000.000.000.010.020.030.030.030.020.010.000.000.000.000.00
0.000.000.00-0.00-0.01-0.05-0.08-0.13-0.13-0.13-0.08-0.05-0.01-0.000.000.000.000.000.000.010.050.080.130.130.130.080.050.010.000.000.000.00
0.000.00-0.00-0.01-0.07-0.14-0.30-0.40-0.48-0.40-0.30-0.14-0.07-0.01-0.000.000.000.000.010.070.140.300.400.480.400.300.140.070.010.000.000.00
0.00-0.00-0.01-0.07-0.17-0.45-0.76-1.16-1.23-1.16-0.76-0.45-0.17-0.07-0.01-0.000.000.010.070.170.450.761.161.231.160.760.450.170.070.010.000.00
0.00-0.01-0.05-0.14-0.45-0.94-1.81-2.59-2.93-2.59-1.81-0.94-0.45-0.14-0.05-0.010.010.050.140.450.941.812.592.932.591.810.940.450.140.050.010.00
0.00-0.02-0.08-0.30-0.76-1.81-3.36-5.34-5.74-5.34-3.36-1.81-0.76-0.30-0.08-0.020.020.080.300.761.813.365.345.745.343.361.810.760.300.080.020.00
0.00-0.03-0.13-0.40-1.16-2.59-5.34-10.00-10.00-10.00-5.34-2.59-1.16-0.40-0.13-0.020.020.130.401.162.595.3410.0010.0010.005.342.591.160.400.130.030.00
0.00-0.03-0.13-0.48-1.23-2.93-5.74-10.00-10.00-10.00-5.74-2.93-1.23-0.48-0.13-0.030.030.130.481.232.935.7410.0010.0010.005.742.931.230.480.130.030.00
0.00-0.03-0.13-0.40-1.16-2.59-5.34-10.00-10.00-10.00-5.34-2.59-1.16-0.40-0.13-0.020.020.130.401.162.595.3410.0010.0010.005.342.591.160.400.130.030.00
0.00-0.02-0.08-0.30-0.76-1.81-3.36-5.34-5.74-5.34-3.36-1.81-0.76-0.30-0.08-0.020.020.080.300.761.813.365.345.745.343.361.810.760.300.080.020.00
0.00-0.01-0.05-0.14-0.45-0.94-1.81-2.59-2.93-2.59-1.81-0.94-0.45-0.14-0.05-0.010.010.050.140.450.941.812.592.932.591.810.940.450.140.050.010.00
0.00-0.00-0.01-0.07-0.17-0.45-0.76-1.16-1.23-1.16-0.76-0.45-0.17-0.07-0.01-0.000.000.010.070.170.450.761.161.231.160.760.450.170.070.010.000.00
0.000.00-0.00-0.01-0.07-0.14-0.30-0.40-0.48-0.40-0.30-0.14-0.07-0.01-0.000.000.000.000.010.070.140.300.400.480.400.300.140.070.010.000.000.00
0.000.000.00-0.00-0.01-0.05-0.08-0.13-0.13-0.13-0.08-0.05-0.01-0.000.000.000.000.000.000.010.050.080.130.130.130.080.050.010.000.000.000.00
0.000.000.000.00-0.00-0.01-0.02-0.03-0.03-0.03-0.02-0.01-0.000.000.000.000.000.000.000.000.010.020.030.030.030.020.010.000.000.000.000.00
0.000.000.000.000.000.000.000.000.000.000.000.000.000.000.000.000.000.000.000.000.000.000.000.000.000.000.000.000.000.000.000.00

ITERATION NUMBER :10
0.000.000.000.000.000.000.000.000.000.000.000.000.000.000.000.000.000.000.000.000.000.000.000.000.000.000.000.000.000.000.000.00
0.000.000.00-0.00-0.00-0.02-0.03-0.05-0.05-0.05-0.03-0.02-0.00-0.000.000.000.000.000.000.000.020.030.050.050.050.030.020.000.000.000.000.00
0.000.00-0.00-0.01-0.03-0.06-0.12-0.16-0.19-0.16-0.12-0.06-0.03-0.01-0.000.000.000.000.010.030.060.120.160.190.160.120.060.030.010.000.000.00
0.00-0.00-0.01-0.04-0.09-0.22-0.34-0.52-0.54-0.52-0.34-0.22-0.09-0.04-0.01-0.000.000.010.040.090.220.340.520.540.520.340.220.090.040.010.000.00
0.00-0.00-0.03-0.09-0.26-0.50-0.93-1.24-1.43-1.24-0.93-0.50-0.26-0.09-0.03-0.000.000.030.090.260.500.931.241.431.240.930.500.260.090.030.000.00
0.00-0.02-0.06-0.22-0.50-1.13-1.91-2.81-3.04-2.81-1.91-1.13-0.50-0.22-0.06-0.020.020.060.220.501.131.912.813.042.811.911.130.500.220.060.020.00
0.00-0.03-0.12-0.34-0.93-1.91-3.58-5.42-5.90-5.42-3.58-1.91-0.93-0.34-0.12-0.020.020.120.340.931.913.585.425.905.423.581.910.930.340.120.030.00
0.00-0.05-0.16-0.52-1.24-2.81-5.42-10.00-10.00-10.00-5.42-2.81-1.24-0.52-0.16-0.040.040.160.521.242.815.4210.0010.0010.005.422.811.240.520.160.050.00
0.00-0.05-0.19-0.54-1.43-3.04-5.90-10.00-10.00-10.00-5.90-3.04-1.43-0.54-0.19-0.040.040.190.541.433.045.9010.0010.0010.005.903.041.430.540.190.050.00
0.00-0.05-0.16-0.52-1.24-2.81-5.42-10.00-10.00-10.00-5.42-2.81-1.24-0.52-0.16-0.040.040.160.521.242.815.4210.0010.0010.005.422.811.240.520.160.050.00
0.00-0.03-0.12-0.34-0.93-1.91-3.58-5.42-5.90-5.42-3.58-1.91-0.93-0.34-0.12-0.020.020.120.340.931.913.585.425.905.423.581.910.930.340.120.030.00
0.00-0.02-0.06-0.22-0.50-1.13-1.91-2.81-3.04-2.81-1.91-1.13-0.50-0.22-0.06-0.020.020.060.220.501.131.912.813.042.811.911.130.500.220.060.020.00
0.00-0.00-0.03-0.09-0.26-0.50-0.93-1.24-1.43-1.24-0.93-0.50-0.26-0.09-0.03-0.000.000.030.090.260.500.931.241.431.240.930.500.260.090.030.000.00
0.00-0.00-0.01-0.04-0.09-0.22-0.34-0.52-0.54-0.52-0.34-0.22-0.09-0.04-0.01-0.000.000.010.040.090.220.340.520.540.520.340.220.090.040.010.000.00
0.000.00-0.00-0.01-0.03-0.06-0.12-0.16-0.19-0.16-0.12-0.06-0.03-0.01-0.000.000.000.000.010.030.060.120.160.190.160.120.060.030.010.000.000.00
0.000.000.00-0.00-0.00-0.02-0.03-0.05-0.05-0.05-0.03-0.02-0.00-0.000.000.000.000.000.000.000.020.030.050.050.050.030.020.000.000.000.000.00
0.000.000.000.000.000.000.000.000.000.000.000.000.000.000.000.000.000.000.000.000.000.000.000.000.000.000.000.000.000.000.000.00

ITERATION NUMBER :11
0.000.000.000.000.000.000.000.000.000.000.000.000.000.000.000.000.000.000.000.000.000.000.000.000.000.000.000.000.000.000.000.00
0.000.00-0.00-0.00-0.01-0.02-0.05-0.06-0.07-0.06-0.05-0.02-0.01-0.00-0.000.000.000.000.000.010.020.050.060.070.060.050.020.010.000.000.000.00
0.00-0.00-0.00-0.02-0.04-0.10-0.15-0.22-0.22-0.22-0.15-0.10-0.04-0.02-0.00-0.000.000.000.020.040.100.150.220.220.220.150.100.040.020.000.000.00
0.00-0.00-0.02-0.05-0.14-0.25-0.45-0.57-0.66-0.57-0.45-0.25-0.14-0.05-0.02-0.000.000.020.050.140.250.450.570.660.570.450.250.140.050.020.000.00
0.00-0.01-0.04-0.14-0.29-0.63-1.00-1.42-1.52-1.42-1.00-0.63-0.29-0.14-0.04-0.010.010.040.140.290.631.001.421.521.421.000.630.290.140.040.010.00
0.00-0.02-0.10-0.25-0.63-1.21-2.11-2.90-3.24-2.90-2.11-1.21-0.63-0.25-0.10-0.020.020.100.250.631.212.112.903.242.902.111.210.630.250.100.020.00
0.00-0.05-0.15-0.45-1.00-2.11-3.67-5.57-5.97-5.57-3.67-2.11-1.00-0.45-0.14-0.040.040.140.451.002.113.675.575.975.573.672.111.000.450.150.050.00
0.00-0.06-0.22-0.57-1.42-2.90-5.57-10.00-10.00-10.00-5.57-2.90-1.42-0.57-0.22-0.040.040.220.571.422.905.5710.0010.0010.005.572.901.420.570.220.060.00
0.00-0.07-0.22-0.66-1.52-3.24-5.97-10.00-10.00-10.00-5.97-3.24-1.52-0.66-0.22-0.060.060.220.661.523.245.9710.0010.0010.005.973.241.520.660.220.070.00
0.00-0.06-0.22-0.57-1.42-2.90-5.57-10.00-10.00-10.00-5.57-2.90-1.42-0.57-0.22-0.040.040.220.571.422.905.5710.0010.0010.005.572.901.420.570.220.060.00
0.00-0.05-0.15-0.45-1.00-2.11-3.67-5.57-5.97-5.57-3.67-2.11-1.00-0.45-0.14-0.040.040.140.451.002.113.675.575.975.573.672.111.000.450.150.050.00
0.00-0.02-0.10-0.25-0.63-1.21-2.11-2.90-3.24-2.90-2.11-1.21-0.63-0.25-0.10-0.020.020.100.250.631.212.112.903.242.902.111.210.630.250.100.020.00
0.00-0.01-0.04-0.14-0.29-0.63-1.00-1.42-1.52-1.42-1.00-0.63-0.29-0.14-0.04-0.010.010.040.140.290.631.001.421.521.421.000.630.290.140.040.010.00
0.00-0.00-0.02-0.05-0.14-0.25-0.45-0.57-0.66-0.57-0.45-0.25-0.14-0.05-0.02-0.000.000.020.050.140.250.450.570.660.570.450.250.140.050.020.000.00
0.00-0.00-0.00-0.02-0.04-0.10-0.15-0.22-0.22-0.22-0.15-0.10-0.04-0.02-0.00-0.000.000.000.020.040.100.150.220.220.220.150.100.040.020.000.000.00
0.000.00-0.00-0.00-0.01-0.02-0.05-0.06-0.07-0.06-0.05-0.02-0.01-0.00-0.000.000.000.000.000.010.020.050.060.070.060.050.020.010.000.000.000.00
0.000.000.000.000.000.000.000.000.000.000.000.000.000.000.000.000.000.000.000.000.000.000.000.000.000.000.000.000.000.000.000.00

ITERATION NUMBER :12
0.000.000.000.000.000.000.000.000.000.000.000.000.000.000.000.000.000.000.000.000.000.000.000.000.000.000.000.000.000.000.000.00
0.00-0.00-0.00-0.01-0.02-0.04-0.06-0.08-0.08-0.08-0.06-0.04-0.02-0.01-0.00-0.000.000.000.010.020.040.060.080.080.080.060.040.020.010.000.000.00
0.00-0.00-0.01-0.02-0.07-0.11-0.20-0.25-0.29-0.25-0.20-0.11-0.07-0.02-0.01-0.000.000.010.020.070.110.200.250.290.250.200.110.070.020.010.000.00
0.00-0.01-0.02-0.08-0.16-0.33-0.49-0.69-0.72-0.69-0.49-0.33-0.16-0.08-0.02-0.010.010.020.080.160.330.490.690.720.690.490.330.160.080.020.010.00
0.00-0.02-0.07-0.16-0.38-0.69-1.15-1.50-1.69-1.50-1.15-0.69-0.38-0.16-0.07-0.010.010.070.160.380.691.151.501.691.501.150.690.380.160.070.020.00
0.00-0.04-0.11-0.33-0.69-1.37-2.19-3.09-3.32-3.09-2.19-1.37-0.69-0.33-0.11-0.030.030.110.330.691.372.193.093.323.092.191.370.690.330.110.040.00
0.00-0.06-0.20-0.49-1.15-2.19-3.84-5.63-6.10-5.63-3.84-2.19-1.15-0.49-0.20-0.040.040.200.491.152.193.845.636.105.633.842.191.150.490.200.060.00
0.00-0.08-0.25-0.69-1.50-3.09-5.63-10.00-10.00-10.00-5.63-3.09-1.50-0.69-0.25-0.070.070.250.691.503.095.6310.0010.0010.005.633.091.500.690.250.080.00
0.00-0.08-0.29-0.72-1.69-3.32-6.10-10.00-10.00-10.00-6.10-3.32-1.69-0.72-0.29-0.060.060.290.721.693.326.1010.0010.0010.006.103.321.690.720.290.080.00
0.00-0.08-0.25-0.69-1.50-3.09-5.63-10.00-10.00-10.00-5.63-3.09-1.50-0.69-0.25-0.070.070.250.691.503.095.6310.0010.0010.005.633.091.500.690.250.080.00
0.00-0.06-0.20-0.49-1.15-2.19-3.84-5.63-6.10-5.63-3.84-2.19-1.15-0.49-0.20-0.040.040.200.491.152.193.845.636.105.633.842.191.150.490.200.060.00
0.00-0.04-0.11-0.33-0.69-1.37-2.19-3.09-3.32-3.09-2.19-1.37-0.69-0.33-0.11-0.030.030.110.330.691.372.193.093.323.092.191.370.690.330.110.040.00
0.00-0.02-0.07-0.16-0.38-0.69-1.15-1.50-1.69-1.50-1.15-0.69-0.38-0.16-0.07-0.010.010.070.160.380.691.151.501.691.501.150.690.380.160.070.020.00
0.00-0.01-0.02-0.08-0.16-0.33-0.49-0.69-0.72-0.69-0.49-0.33-0.16-0.08-0.02-0.010.010.020.080.160.330.490.690.720.690.490.330.160.080.020.010.00
0.00-0.00-0.01-0.02-0.07-0.11-0.20-0.25-0.29-0.25-0.20-0.11-0.07-0.02-0.01-0.000.000.010.020.070.110.200.250.290.250.200.110.070.020.010.000.00
0.00-0.00-0.00-0.01-0.02-0.04-0.06-0.08-0.08-0.08-0.06-0.04-0.02-0.01-0.00-0.000.000.000.010.020.040.060.080.080.080.060.040.020.010.000.000.00
0.000.000.000.000.000.000.000.000.000.000.000.000.000.000.000.000.000.000.000.000.000.000.000.000.000.000.000.000.000.000.000.00

ITERATION NUMBER :13
0.000.000.000.000.000.000.000.000.000.000.000.000.000.000.000.000.000.000.000.000.000.000.000.000.000.000.000.000.000.000.000.00
0.00-0.00-0.00-0.01-0.03-0.05-0.08-0.10-0.12-0.10-0.08-0.05-0.03-0.01-0.00-0.000.000.000.010.030.050.080.100.120.100.080.050.030.010.000.000.00
0.00-0.00-0.01-0.04-0.08-0.16-0.23-0.32-0.33-0.32-0.23-0.16-0.08-0.04-0.01-0.000.000.010.040.080.160.230.320.330.320.230.160.080.040.010.000.00
0.00-0.01-0.04-0.09-0.21-0.36-0.59-0.74-0.84-0.74-0.59-0.36-0.21-0.09-0.04-0.010.010.040.090.210.360.590.740.840.740.590.360.210.090.040.010.00
0.00-0.03-0.08-0.21-0.42-0.81-1.22-1.65-1.76-1.65-1.22-0.81-0.42-0.21-0.08-0.020.020.080.210.420.811.221.651.761.651.220.810.420.210.080.030.00
0.00-0.05-0.16-0.36-0.81-1.44-2.36-3.16-3.49-3.16-2.36-1.44-0.81-0.36-0.16-0.030.030.160.360.811.442.363.163.493.162.361.440.810.360.160.050.00
0.00-0.08-0.23-0.59-1.22-2.36-3.91-5.76-6.15-5.76-3.91-2.36-1.22-0.59-0.22-0.060.060.220.591.222.363.915.766.155.763.912.361.220.590.230.080.00
0.00-0.10-0.32-0.74-1.65-3.16-5.76-10.00-10.00-10.00-5.76-3.16-1.65-0.74-0.31-0.070.070.310.741.653.165.7610.0010.0010.005.763.161.650.740.320.100.00
0.00-0.12-0.33-0.84-1.76-3.49-6.15-10.00-10.00-10.00-6.15-3.49-1.76-0.84-0.32-0.090.090.320.841.763.496.1510.0010.0010.006.153.491.760.840.330.120.00
0.00-0.10-0.32-0.74-1.65-3.16-5.76-10.00-10.00-10.00-5.76-3.16-1.65-0.74-0.31-0.070.070.310.741.653.165.7610.0010.0010.005.763.161.650.740.320.100.00
0.00-0.08-0.23-0.59-1.22-2.36-3.91-5.76-6.15-5.76-3.91-2.36-1.22-0.59-0.22-0.060.060.220.591.222.363.915.766.155.763.912.361.220.590.230.080.00
0.00-0.05-0.16-0.36-0.81-1.44-2.36-3.16-3.49-3.16-2.36-1.44-0.81-0.36-0.16-0.030.030.160.360.811.442.363.163.493.162.361.440.810.360.160.050.00
0.00-0.03-0.08-0.21-0.42-0.81-1.22-1.65-1.76-1.65-1.22-0.81-0.42-0.21-0.08-0.020.020.080.210.420.811.221.651.761.651.220.810.420.210.080.030.00
0.00-0.01-0.04-0.09-0.21-0.36-0.59-0.74-0.84-0.74-0.59-0.36-0.21-0.09-0.04-0.010.010.040.090.210.360.590.740.840.740.590.360.210.090.040.010.00
0.00-0.00-0.01-0.04-0.08-0.16-0.23-0.32-0.33-0.32-0.23-0.16-0.08-0.04-0.01-0.000.000.010.040.080.160.230.320.330.320.230.160.080.040.010.000.00
0.00-0.00-0.00-0.01-0.03-0.05-0.08-0.10-0.12-0.10-0.08-0.05-0.03-0.01-0.00-0.000.000.000.010.030.050.080.100.120.100.080.050.030.010.000.000.00
0.000.000.000.000.000.000.000.000.000.000.000.000.000.000.000.000.000.000.000.000.000.000.000.000.000.000.000.000.000.000.000.00

ITERATION NUMBER :14
0.000.000.000.000.000.000.000.000.000.000.000.000.000.000.000.000.000.000.000.000.000.000.000.000.000.000.000.000.000.000.000.00
0.00-0.00-0.01-0.02-0.03-0.07-0.09-0.13-0.13-0.13-0.09-0.07-0.03-0.02-0.01-0.000.000.010.020.030.070.090.130.130.130.090.070.030.020.010.000.00
0.00-0.01-0.02-0.05-0.11-0.18-0.29-0.35-0.40-0.35-0.29-0.18-0.11-0.05-0.02-0.000.000.020.050.110.180.290.350.400.350.290.180.110.050.020.010.00
0.00-0.02-0.05-0.13-0.24-0.44-0.64-0.85-0.89-0.85-0.64-0.44-0.24-0.13-0.05-0.010.010.050.130.240.440.640.850.890.850.640.440.240.130.050.020.00
0.00-0.03-0.11-0.24-0.51-0.86-1.35-1.72-1.91-1.72-1.35-0.86-0.51-0.24-0.11-0.020.020.110.240.510.861.351.721.911.721.350.860.510.240.110.030.00
0.00-0.07-0.18-0.44-0.86-1.59-2.43-3.31-3.56-3.31-2.43-1.59-0.86-0.44-0.17-0.050.050.170.440.861.592.433.313.563.312.431.590.860.440.180.070.00
0.00-0.09-0.29-0.64-1.35-2.43-4.06-5.81-6.25-5.81-4.06-2.43-1.35-0.63-0.28-0.070.070.280.631.352.434.065.816.255.814.062.431.350.640.290.090.00
0.00-0.13-0.35-0.85-1.72-3.31-5.81-10.00-10.00-10.00-5.81-3.31-1.72-0.85-0.34-0.100.100.340.851.723.315.8110.0010.0010.005.813.311.720.850.350.130.00
0.00-0.13-0.40-0.89-1.91-3.56-6.25-10.00-10.00-10.00-6.25-3.56-1.91-0.89-0.39-0.090.090.390.891.913.566.2510.0010.0010.006.253.561.910.890.400.130.00
0.00-0.13-0.35-0.85-1.72-3.31-5.81-10.00-10.00-10.00-5.81-3.31-1.72-0.85-0.34-0.100.100.340.851.723.315.8110.0010.0010.005.813.311.720.850.350.130.00
0.00-0.09-0.29-0.64-1.35-2.43-4.06-5.81-6.25-5.81-4.06-2.43-1.35-0.63-0.28-0.070.070.280.631.352.434.065.816.255.814.062.431.350.640.290.090.00
0.00-0.07-0.18-0.44-0.86-1.59-2.43-3.31-3.56-3.31-2.43-1.59-0.86-0.44-0.17-0.050.050.170.440.861.592.433.313.563.312.431.590.860.440.180.070.00
0.00-0.03-0.11-0.24-0.51-0.86-1.35-1.72-1.91-1.72-1.35-0.86-0.51-0.24-0.11-0.020.020.110.240.510.861.351.721.911.721.350.860.510.240.110.030.00
0.00-0.02-0.05-0.13-0.24-0.44-0.64-0.85-0.89-0.85-0.64-0.44-0.24-0.13-0.05-0.010.010.050.130.240.440.640.850.890.850.640.440.240.130.050.020.00
0.00-0.01-0.02-0.05-0.11-0.18-0.29-0.35-0.40-0.35-0.29-0.18-0.11-0.05-0.02-0.000.000.020.050.110.180.290.350.400.350.290.180.110.050.020.010.00
0.00-0.00-0.01-0.02-0.03-0.07-0.09-0.13-0.13-0.13-0.09-0.07-0.03-0.02-0.01-0.000.000.010.020.030.070.090.130.130.130.090.070.030.020.010.000.00
0.000.000.000.000.000.000.000.000.000.000.000.000.000.000.000.000.000.000.000.000.000.000.000.000.000.000.000.000.000.000.000.00

ITERATION NUMBER :15
0.000.000.000.000.000.000.000.000.000.000.000.000.000.000.000.000.000.000.000.000.000.000.000.000.000.000.000.000.000.000.000.00
0.00-0.00-0.01-0.02-0.05-0.08-0.12-0.14-0.16-0.14-0.12-0.08-0.05-0.02-0.01-0.000.000.010.020.050.080.120.140.160.140.120.080.050.020.010.000.00
0.00-0.01-0.03-0.07-0.12-0.23-0.31-0.42-0.43-0.42-0.31-0.23-0.12-0.07-0.03-0.010.010.030.070.120.230.310.420.430.420.310.230.120.070.030.010.00
0.00-0.02-0.07-0.14-0.30-0.48-0.73-0.90-1.00-0.90-0.73-0.48-0.30-0.14-0.07-0.010.010.070.140.300.480.730.901.000.900.730.480.300.140.070.020.00
0.00-0.05-0.12-0.30-0.55-0.97-1.41-1.86-1.97-1.86-1.41-0.97-0.55-0.30-0.12-0.040.040.120.300.550.971.411.861.971.861.410.970.550.300.120.050.00
0.00-0.08-0.23-0.48-0.97-1.65-2.58-3.38-3.70-3.38-2.58-1.65-0.97-0.48-0.22-0.050.050.220.480.971.652.583.383.703.382.581.650.970.480.230.080.00
0.00-0.12-0.31-0.73-1.41-2.58-4.12-5.91-6.29-5.91-4.12-2.58-1.41-0.73-0.30-0.090.090.300.731.412.584.125.916.295.914.122.581.410.730.310.120.00
0.00-0.14-0.42-0.90-1.86-3.38-5.91-10.00-10.00-10.00-5.91-3.38-1.86-0.90-0.40-0.100.100.400.901.863.385.9110.0010.0010.005.913.381.860.900.420.140.00
0.00-0.16-0.43-1.00-1.97-3.70-6.29-10.00-10.00-10.00-6.29-3.70-1.97-1.00-0.41-0.120.120.411.001.973.706.2910.0010.0010.006.293.701.971.000.430.160.00
0.00-0.14-0.42-0.90-1.86-3.38-5.91-10.00-10.00-10.00-5.91-3.38-1.86-0.90-0.40-0.100.100.400.901.863.385.9110.0010.0010.005.913.381.860.900.420.140.00
0.00-0.12-0.31-0.73-1.41-2.58-4.12-5.91-6.29-5.91-4.12-2.58-1.41-0.73-0.30-0.090.090.300.731.412.584.125.916.295.914.122.581.410.730.310.120.00
0.00-0.08-0.23-0.48-0.97-1.65-2.58-3.38-3.70-3.38-2.58-1.65-0.97-0.48-0.22-0.050.050.220.480.971.652.583.383.703.382.581.650.970.480.230.080.00
0.00-0.05-0.12-0.30-0.55-0.97-1.41-1.86-1.97-1.86-1.41-0.97-0.55-0.30-0.12-0.040.040.120.300.550.971.411.861.971.861.410.970.550.300.120.050.00
0.00-0.02-0.07-0.14-0.30-0.48-0.73-0.90-1.00-0.90-0.73-0.48-0.30-0.14-0.07-0.010.010.070.140.300.480.730.901.000.900.730.480.300.140.070.020.00
0.00-0.01-0.03-0.07-0.12-0.23-0.31-0.42-0.43-0.42-0.31-0.23-0.12-0.07-0.03-0.010.010.030.070.120.230.310.420.430.420.310.230.120.070.030.010.00
0.00-0.00-0.01-0.02-0.05-0.08-0.12-0.14-0.16-0.14-0.12-0.08-0.05-0.02-0.01-0.000.000.010.020.050.080.120.140.160.140.120.080.050.020.010.000.00
0.000.000.000.000.000.000.000.000.000.000.000.000.000.000.000.000.000.000.000.000.000.000.000.000.000.000.000.000.000.000.000.00

ITERATION NUMBER :16
0.000.000.000.000.000.000.000.000.000.000.000.000.000.000.000.000.000.000.000.000.000.000.000.000.000.000.000.000.000.000.000.00
0.00-0.01-0.01-0.03-0.06-0.10-0.13-0.17-0.18-0.17-0.13-0.10-0.06-0.03-0.01-0.000.000.010.030.060.100.130.170.180.170.130.100.060.030.010.010.00
0.00-0.01-0.04-0.08-0.16-0.25-0.37-0.45-0.50-0.45-0.37-0.25-0.16-0.08-0.04-0.010.010.040.080.160.250.370.450.500.450.370.250.160.080.040.010.00
0.00-0.03-0.08-0.18-0.32-0.56-0.78-1.00-1.05-1.00-0.78-0.56-0.32-0.18-0.08-0.030.030.080.180.320.560.781.001.051.000.780.560.320.180.080.030.00
0.00-0.06-0.16-0.32-0.64-1.02-1.54-1.92-2.10-1.92-1.54-1.02-0.64-0.32-0.16-0.040.040.160.320.641.021.541.922.101.921.541.020.640.320.160.060.00
0.00-0.10-0.25-0.56-1.02-1.78-2.64-3.51-3.76-3.51-2.64-1.78-1.02-0.56-0.24-0.070.070.240.561.021.782.643.513.763.512.641.781.020.560.250.100.00
0.00-0.13-0.37-0.78-1.54-2.64-4.24-5.95-6.38-5.95-4.24-2.64-1.53-0.77-0.36-0.090.090.360.771.532.644.245.956.385.954.242.641.540.780.370.130.00
0.00-0.17-0.45-1.00-1.92-3.51-5.95-10.00-10.00-10.00-5.95-3.51-1.91-1.00-0.43-0.130.130.431.001.913.515.9510.0010.0010.005.953.511.921.000.450.170.00
0.00-0.18-0.50-1.05-2.10-3.76-6.38-10.00-10.00-10.00-6.38-3.76-2.10-1.04-0.48-0.120.120.481.042.103.766.3810.0010.0010.006.383.762.101.050.500.180.00
0.00-0.17-0.45-1.00-1.92-3.51-5.95-10.00-10.00-10.00-5.95-3.51-1.91-1.00-0.43-0.130.130.431.001.913.515.9510.0010.0010.005.953.511.921.000.450.170.00
0.00-0.13-0.37-0.78-1.54-2.64-4.24-5.95-6.38-5.95-4.24-2.64-1.53-0.77-0.36-0.090.090.360.771.532.644.245.956.385.954.242.641.540.780.370.130.00
0.00-0.10-0.25-0.56-1.02-1.78-2.64-3.51-3.76-3.51-2.64-1.78-1.02-0.56-0.24-0.070.070.240.561.021.782.643.513.763.512.641.781.020.560.250.100.00
0.00-0.06-0.16-0.32-0.64-1.02-1.54-1.92-2.10-1.92-1.54-1.02-0.64-0.32-0.16-0.040.040.160.320.641.021.541.922.101.921.541.020.640.320.160.060.00
0.00-0.03-0.08-0.18-0.32-0.56-0.78-1.00-1.05-1.00-0.78-0.56-0.32-0.18-0.08-0.030.030.080.180.320.560.781.001.051.000.780.560.320.180.080.030.00
0.00-0.01-0.04-0.08-0.16-0.25-0.37-0.45-0.50-0.45-0.37-0.25-0.16-0.08-0.04-0.010.010.040.080.160.250.370.450.500.450.370.250.160.080.040.010.00
0.00-0.01-0.01-0.03-0.06-0.10-0.13-0.17-0.18-0.17-0.13-0.10-0.06-0.03-0.01-0.000.000.010.030.060.100.130.170.180.170.130.100.060.030.010.010.00
0.000.000.000.000.000.000.000.000.000.000.000.000.000.000.000.000.000.000.000.000.000.000.000.000.000.000.000.000.000.000.000.00

ITERATION NUMBER :17
0.000.000.000.000.000.000.000.000.000.000.000.000.000.000.000.000.000.000.000.000.000.000.000.000.000.000.000.000.000.000.000.00
0.00-0.01-0.02-0.04-0.07-0.11-0.16-0.19-0.21-0.19-0.16-0.11-0.07-0.04-0.02-0.000.000.020.040.070.110.160.190.210.190.160.110.070.040.020.010.00
0.00-0.02-0.05-0.10-0.18-0.30-0.40-0.51-0.53-0.51-0.40-0.30-0.18-0.10-0.04-0.020.020.040.100.180.300.400.510.530.510.400.300.180.100.050.020.00
0.00-0.04-0.10-0.20-0.38-0.59-0.87-1.05-1.15-1.05-0.87-0.59-0.38-0.20-0.10-0.020.020.100.200.380.590.871.051.151.050.870.590.380.200.100.040.00
0.00-0.07-0.18-0.38-0.67-1.13-1.59-2.04-2.16-2.04-1.59-1.13-0.67-0.38-0.17-0.050.050.170.380.671.131.592.042.162.041.591.130.670.380.180.070.00
0.00-0.11-0.30-0.59-1.13-1.83-2.77-3.57-3.87-3.57-2.77-1.83-1.13-0.59-0.29-0.070.070.290.591.131.832.773.573.873.572.771.831.130.590.300.110.00
0.00-0.16-0.40-0.87-1.59-2.77-4.29-6.03-6.41-6.03-4.29-2.77-1.59-0.86-0.38-0.120.120.380.861.592.774.296.036.416.034.292.771.590.870.400.160.00
0.00-0.19-0.51-1.05-2.04-3.57-6.03-10.00-10.00-10.00-6.03-3.56-2.04-1.04-0.49-0.130.130.491.042.043.566.0310.0010.0010.006.033.572.041.050.510.190.00
0.00-0.21-0.53-1.15-2.16-3.87-6.41-10.00-10.00-10.00-6.41-3.87-2.16-1.14-0.51-0.150.150.511.142.163.876.4110.0010.0010.006.413.872.161.150.530.210.00
